179 188 29 31
81 62 83 150 67 68 125 137 160 40 65 92 105 92 52 92 93 53 
50 27 12 164 
81 110 
104 72 10 144 185 25 8 158 158 163 99 50 1 58 101 86 
156 111 61 17 138 124 
150 128 51 145 
74 37 109 143 115 153 
183 169 158 148 
21 111 8 
89 138 34 163 187 76 125 120 110 134 28 157 113 84 93 61 172 
109 
39 176 83 182 137 112 56 113 10 3 3 62 
49 95 18 158 2 102 35 16 121 107 83 107 9 76 
44 99 47 119 126 126 151 17 149 126 72 52 126 105 151 135 
5 183 84 161 90 182 165 52 32 167 117 134 
10 
156 119 170 83 142 109 
110 22 97 69 110 161 107 85 131 
19 35 85 36 12 
169 119 48 156 87 42 14 60 85 184 
99 168 148 7 
71 80 80 22 156 143 137 11 20 143 65 
147 3 111 83 21 32 147 181 28 91 102 89 69 87 146 
26 109 41 104 18 22 23 61 137 20 101 71 24 
121 73 157 181 169 138 64 163 179 156 112 44 74 88 73 109 60 22 
111 43 21 42 180 163 11 
59 165 28 25 1 175 56 117 120 164 
37 77 171 146 101 103 4 
145 151 69 12 47 47 49 30 151 34 71 128 66 170 
150 17 73 169 110 107 166 141 160 10 174 60 26 92 115 101 97 109 
18 112 78 173 186 3 92 74 3 
159 156 4 169 171 172 9 104 72 185 40 121 
12 176 66 63 51 165 123 94 48 154 97 
84 139 68 39 157 79 177 98 20 103 5 
171 110 97 68 27 64 52 105 178 
6 122 160 132 155 126 108 81 120 138 82 
113 99 117 144 57 98 187 19 47 
100 
15 142 101 111 92 115 49 50 0 96 63 1 183 46 55 160 48 
6 13 
68 77 1 68 19 137 39 97 80 35 52 172 158 39 39 159 36 107 
142 182 66 161 181 74 94 46 27 28 
169 145 66 134 90 186 82 7 128 33 146 131 17 120 125 109 101 157 
60 46 104 140 178 172 19 3 136 75 35 70 95 113 138 25 131 
26 83 107 82 138 130 76 179 56 59 147 24 60 162 134 157 19 
27 86 76 103 150 79 40 
144 46 184 181 32 70 154 81 90 112 152 135 47 
132 107 1 62 38 64 23 158 83 117 9 2 
143 6 35 171 11 131 185 
78 42 136 67 105 
144 39 23 55 151 128 182 74 81 105 29 187 174 76 
32 26 32 24 163 94 
79 65 81 1 164 161 78 0 26 92 48 
125 1 153 55 35 
42 
98 9 48 145 
51 44 102 36 83 88 79 
56 60 79 71 155 177 27 77 184 149 
77 131 37 178 175 42 137 107 21 37 176 163 119 152 117 52 113 106 
47 7 69 60 134 15 46 12 101 49 74 139 68 103 104 129 
153 35 77 169 
100 71 34 94 126 36 65 153 16 22 77 36 15 186 176 28 82 139 
179 48 121 16 
142 131 23 118 132 132 69 84 142 36 9 20 
179 33 74 134 150 156 26 152 161 75 2 166 154 16 98 
121 
109 117 
17 113 54 128 
60 9 11 113 170 11 112 80 98 80 145 
20 183 16 66 58 182 78 38 119 152 45 
81 161 139 90 
15 122 12 27 63 140 
35 100 12 78 35 28 24 12 183 183 98 137 
111 122 154 9 30 110 79 32 107 105 99 47 88 109 59 
72 84 67 71 169 183 27 
168 30 121 102 26 164 17 163 168 
81 77 187 131 75 0 99 76 104 142 5 19 12 
174 70 100 55 43 12 60 16 16 3 151 105 14 182 136 137 
163 115 75 83 82 105 118 47 36 28 184 46 10 95 171 
6 59 55 78 76 164 165 
68 71 154 117 108 136 105 63 64 47 70 90 41 100 
62 126 5 104 62 47 64 95 3 161 30 102 142 
95 114 121 67 0 
17 
40 73 66 93 54 94 156 65 131 116 1 165 124 98 83 86 
17 93 126 58 5 42 61 101 66 75 34 107 124 75 162 168 6 
147 0 184 72 166 25 137 78 
8 143 96 167 101 50 98 33 62 8 48 166 42 63 124 173 20 162 
63 164 149 116 108 148 4 32 71 3 
156 46 83 31 60 61 17 71 165 18 63 125 35 50 38 4 
94 55 84 13 180 108 36 71 90 19 5 118 
82 179 148 77 186 1 108 57 19 22 90 42 37 139 182 60 130 
29 3 131 67 161 157 100 61 23 157 69 16 
109 123 98 66 93 48 182 53 135 75 129 162 40 
4 
165 164 150 132 103 
22 
137 129 66 172 115 181 0 56 101 93 10 108 26 90 65 53 23 125 
160 24 67 120 136 17 102 59 99 123 152 178 6 129 2 121 25 
164 37 60 53 88 68 120 97 4 
129 56 6 59 44 102 167 116 162 23 151 60 121 41 101 71 
169 7 112 30 85 101 33 158 23 
5 
41 185 27 173 28 120 174 131 139 
60 25 168 107 57 3 179 171 
163 25 80 
115 33 90 113 31 81 181 39 
94 34 38 
1 133 185 33 54 116 95 93 45 15 154 4 165 0 
109 76 165 3 77 152 89 92 143 120 67 128 65 8 183 151 
75 115 91 160 172 150 149 114 16 77 139 89 185 2 95 180 183 18 
176 88 82 76 174 172 187 90 130 60 151 115 13 12 
31 66 3 80 103 
177 15 132 112 25 86 58 25 50 104 49 143 45 
41 179 104 92 179 5 129 107 73 96 10 15 39 131 73 
125 143 174 44 17 56 80 155 105 116 125 106 30 158 
61 128 
106 109 86 34 167 67 126 132 87 21 66 
21 175 90 186 141 
86 114 170 18 105 153 16 67 160 18 94 167 100 36 
176 30 104 7 90 
63 177 0 96 91 144 7 19 3 171 107 111 156 28 42 1 24 22 
162 114 131 107 130 114 35 17 81 63 111 89 43 150 
138 176 99 101 180 111 132 144 29 
98 129 57 
137 180 60 
162 73 146 94 172 51 98 
48 9 148 28 14 98 185 36 141 168 170 
31 171 178 42 31 145 157 179 124 34 186 143 51 174 
159 156 95 68 28 162 149 50 95 181 105 159 59 70 21 44 
58 
143 115 47 137 102 125 8 176 156 
60 144 115 57 147 100 124 113 121 29 120 16 132 174 143 13 21 45 
113 102 27 10 
187 16 74 
87 65 159 44 
158 78 37 13 114 
140 14 
22 165 107 149 10 10 186 118 75 15 
67 105 33 30 
30 130 43 151 110 184 128 169 68 179 186 
19 181 44 115 87 107 
10 90 26 30 147 103 57 1 18 179 159 160 87 77 57 
132 33 101 90 60 128 126 62 89 
4 
115 156 12 29 152 160 21 
133 140 94 
39 17 136 
120 109 25 182 88 44 91 129 31 
83 105 9 
137 
41 180 124 91 101 5 
117 30 138 31 
15 1 174 8 52 163 126 
161 123 166 17 102 124 77 3 138 51 15 48 64 112 50 70 143 
84 76 57 4 92 57 71 
111 4 43 147 59 12 121 34 42 84 150 108 93 
84 
164 
124 88 103 12 102 25 36 101 62 43 96 154 164 27 168 
145 16 48 
182 10 179 
74 167 94 83 119 154 127 
166 36 150 63 8 0 51 149 50 122 175 73 
101 162 184 135 19 2 146 50 130 69 
38 44 13 154 35 55 92 136 153 19 104 157 
185 113 55 76 15 66 4 104 110 27 31 0 171 13 
181 86 176 182 103 
173 39 15 73 144 68 9 110 176 183 28 
99 132 132 23 169 120 175 90 93 9 
21 76 127 
6 13 103 119 55 75 11 68 40 133 30 19 108 91 10 51 106 159 
98 129 51 118 
57 47 15 36 37 107 53 
70 54 57 28 132 90 118 38 120 
160 177 159 149 80 
62 
120 
71 89 24 135 